Enter degree of Chebyshev polynomial: 
Enter begin of interval: 
Enter end of interval: 
T[60](-1) = 1
T[60](-0.9) = -0.350468
T[60](-0.8) = 0.612992
T[60](-0.7) = -0.825313
T[60](-0.6) = 0.612992
T[60](-0.5) = 1
T[60](-0.4) = 0.904013
T[60](-0.3) = 0.84298
T[60](-0.2) = 0.884724
T[60](-0.1) = 0.962929
T[60](0) = 1
T[60](0.1) = 0.962929
T[60](0.2) = 0.884724
T[60](0.3) = 0.84298
T[60](0.4) = 0.904013
T[60](0.5) = 1
T[60](0.6) = 0.612992
T[60](0.7) = -0.825313
T[60](0.8) = 0.612992
T[60](0.9) = -0.350468
T[60](1) = 1
--------------------------------------
Evaluation with trigonometric formula:
T[60](-1) = 1
T[60](-0.9) = -0.350468
T[60](-0.8) = 0.612992
T[60](-0.7) = -0.825313
T[60](-0.6) = 0.612992
T[60](-0.5) = 1
T[60](-0.4) = 0.904013
T[60](-0.3) = 0.84298
T[60](-0.2) = 0.884724
T[60](-0.1) = 0.962929
T[60](0) = 1
T[60](0.1) = 0.962929
T[60](0.2) = 0.884724
T[60](0.3) = 0.84298
T[60](0.4) = 0.904013
T[60](0.5) = 1
T[60](0.6) = 0.612992
T[60](0.7) = -0.825313
T[60](0.8) = 0.612992
T[60](0.9) = -0.350468
T[60](1) = 1
